2991
4474
7258
3282
4713
5274
3122
338
2952
6358
2103
3839
7811
5269
3023
3666
8026
1729
6084
133
2313
9036
8388
8052
7733
4468
4056
9478
7165
6142
3871
9459
1995
9266
7168
2647
3272
8129
3988
5266
7867
9029
2307
9240
5361
7635
1392
722
5791
4515
2828
1992
4084
4902
7453
3581
6195
2989
6636
3066
6320
8643
1792
9682
7153
4334
5617
4975
2481
6709
1603
5770
7630
7442
6597
3680
579
4600
1016
2235
7405
1414
2183
1518
9263
8039
1069
5597
8459
3868
7332
7679
2047
1679
4553
8
8357
2151
8378
7916
923
2641
3600
872
726
7628
3999
8423
3038
8399
1415
8146
2663
582
3916
9373
3411
8600
9808
9598
1177
9212
5888
277
6462
3610
6966
3450
9221
3451
930
8026
5853
2085
6456
5751
6278
1577
9801
6921
9750
6561
6064
3171
5568
5387
2337
185
6664
3597
993
7562
3484
229
7593
4249
6310
3636
1042
5679
488
4952
6054
6157
6922
757
4761
8113
2998
8411
3617
5426
9530
8396
5268
4300
6292
8248
3449
6343
3516
9863
9490
1492
9243
8282
623
9218
6552
9970
5388
6952
3644
7889
5472
7615
4259
1264
4328
3111
1880
5165
2412
4660
4633
8082
3412
121
7804
8294
4340
4417
2075
5540
320
780
2776
9511
1328
3975
4621
4243
3191
72
9409
6891
9736
1826
1673
3205
3469
6266
8475
1275
4804
7499
6432
2171
9007
3012
1641
5979
9256
759
7010
8664
4773
7102
8682
2425
3316
9014
9086
2963
1066
6558
6505
6965
2720
1490
759
195
1654
1298
1604
2016
1266
1810
3404
3296
7006
704
8725
2720
22
7733
8574
1460
1850
1681
1436
2773
7256
1923
2335
7451
4668
9728
8625
2555
4561
4524
895
2512
2264
476
6774
3626
994
1731
8631
2282
5619
2070
9448
6271
9770
8123
3178
3148
6206
9412
9662
4409
7286
6642
9074
7559
2425
27
1432
2421
9314
8178
9799
746
6877
5093
6990
8110
2352
3612
8568
2394
4793
133
6144
104
2854
4622
5759
4985
9122
8777
5813
757
9242
2918
8650
2773
8289
7647
7198
8819
990
3084
3117
465
736
6714
6723
5063
9793
6225
154
1795
7308
6333
1588
7298
9096
4291
4218
2400
5291
4123
4709
7666
2456
4689
6844
627
7696
6369
562
689
4849
3363
5735
6644
8796
7001
1839
4581
5610
3276
4198
264
5554
1099
649
7175
1504
3175
8696
2210
1548
8755
333
8107
1194
147
6654
7226
5810
8027
6233
6446
5683
7235
7276
9901
2348
679
1290
1776
9010
5641
860
711
3239
7861
9554
5431
8887
4987
8354
5388
4060
6199
2796
3486
951
1973
9228
9168
1770
3130
8813
3490
1118
4119
1322
2495
2618
1242
5010
2162
8799
5039
4226
3582
2685
8304
923
8213
6203
3562
3855
1829
2771
5180
2137
554
7384
3098
4944
7807
3690
1694
8238
3603
6943
9969
3110
8017
7532
1178
1741
622
3528
2289
9687
7327
3559
786
3904
3706
2983
4453
5823
3561
5147
3192
8610
6974
6464
9477
4105
5876
7548
3265
649
7988
487
9068
1952
6242
1082
5273
5565
2727
6436
7016
356
7676
4525
7645
827
637
6145
6250
6537
812
1378
990
4997
5188
4178
40
3200
8738
6923
9335
9942
4499
2449
6889
8664
7940
1180
3100
2598
1097
7799
4233
9172
3280
1613
1771
5014
6803
7015
5396
5268
6728
2589
2216
7884
7716
8728
2090
3742
3051
5969
8336
5090
1506
7517
7212
4019
4376
9216
5062
3841
8635
4685
7578
7061
5504
7487
5383
669
734
2361
8048
4923
7497
9576
6276
2823
5530
5535
1996
2880
2448
6591
9178
1770
3595
2933
7797
7464
7250
4944
3381
1170
5477
79
7769
5522
2858
2546
1055
8612
2308
3086
6370
329
704
1836
3884
1256
4758
6338
6965
3494
8649
7257
1510
3054
1660
8457
8299
7821
6566
6819
9314
5663
9562
1337
3917
267
979
4837
1132
1543
8072
4222
7447
1788
2654
8762
5431
6633
4230
1184
7025
5044
380
1378
7111
3599
1581
4586
9985
932
1610
4964
1001
7167
9182
1135
1321
2850
8692
6567
4457
4998
6598
4616
919
4817
5601
4586
6863
7023
7005
7156
5046
5099
5622
3733
42
974
6827
7516
2818
1858
9130
6265
987
5855
5272
8318
4400
1118
4475
6810
4126
4372
8593
4489
8784
4706
6768
749
7237
4589
8436
5483
6181
4608
2205
3672
9090
4105
9080
7947
3005
2281
7889
5847
3943
3350
451
7919
7540
1384
6773
8176
2857
1462
7907
1231
9114
5060
5707
6574
4159
7727
3649
2022
2477
9453
335
2625
3630
1499
948
5983
3594
2078
6048
6815
7297
4675
9842
8904
6087
7589
5114
1766
5813
7695
7671
1930
1788
8522
7050
1557
6702
562
1270
605
8619
8811
7084
514
4809
5027
7412
4482
3265
2751
5908
1200
4795
9008
8823
3635
4111
4223
3622
3296
2849
2081
6141
5380
1541
6980
2341
7421
2113
1563
5552
9944
8564
2230
3517
9801
1514
4571
3671
4530
1463
9384
7982
3470
6363
6296
5614
2278
2205
5834
1351
243
2841
2176
6352
1166
3878
1952
5065
6671
9614
2362
5574
4356
3240
8365
4417
4748
3621
643
1917
6124
7185
286
8812
702
4372
6108
4129
6182
2852
4881
6703
4441
2742
9041
5959
4483
7828
8984
2986
7661
7437
2997
8861
6074
500
6681
5932
2445
2103
1612
6935
3696
1011
660
7673
8971
779
8774
2897
4599
3641
8860
4578
9997
6465
7365
3400
4162
2197
2027
9463
676
7738
5006
1353
3224
9320
831
4933
5363
8355
4635
7076
9935
6385
8940
4550
2124
8250
704
6811
7018
8077
3364
5225
2049
9815
8123
8976
6634
5669
8441
278
9353
6946
5372
6401
8978
8853
1445
5893
6223
4703
5707
8945
5900
2316
8978
7876
1470
3613
171
2629
3975
2782
5796
1213
2601
710
7445
2574
6835
4842
8566
5468
9328
2651
3296
4114
4693
6770
5557
429
7874
9371
351
8826
6507
8946
2296
8863
4703
1129
1845
760
9868
1811
9778
8956
2530
717
8526
1570
2585
199
1140
5890
2701
2660
9818
5944
9243
3066
9344
1506
5043
1954
1337
5259
5113
9796
9623
1761
8660
5851
7964
4562
5550
8351
7170
9431
5298
4459
4773
8616
773
4897
7059
3878
4691
4035
5328
7017
9881
4320
4172
9144
3845
738
5077
3641
5078
7400
8486
5545
6577
1008
3261
745
57
3054
1272
5637
9655
2908
8098
7808
4787
6147
5675
1277
9287
2649
9897
8740
6382
6728
2424
7865
7800
4208
7572
1772
4451
9232
879
9087
7342
7267
4181
8003
7399
1663
5033
4732
7645
4414
5411
3970
2221
7578
6528
434
6968
5735
1130
1375
7619
409
9926
3125
3803
7853
8193
2239
3424
9529
6886
6262
5759
5217
8560
4037
2609
1272
6322
649
2010
4543
7506
9759
2820
3785
2996
5985
170
6425
5872
7056
9822
9706
6480
7364
3916
8188
6959
6621
4365
3473
9473
589
2321
3919
909
3231
8423
6056
4950
7027
7091
483
8251
9189
4973
4711
964
2022
3212
1343
5146
7844
6210
9756
6490
3818
9656
1177
7992
1412
719
7239
2238
3307
552
810
3053
524
4855
7247
3136
40
3620
1623
3619
6173
1596
7602
2445
6869
3160
6744
7769
8209
7198
8800
5000
8417
6305
4775
9945
9623
7748
1109
2377
6435
1610
5554
5424
2763
7679
4045
876
2984
981
1921
4798
4319
1629
855
4210
9991
1645
1819
376
7673
1940
6491
9758
8549
158
7494
6905
7293
9941
9457
4084
6481
1896
4540
4671
7307
7835
8972
2797
7428
6276
4998
7983
4170
1011
9513
8678
6093
4580
9831
5447
9170
3591
9152
249
3102
9955
2335
9277
7848
7728
5263
374
1293
1357
7737
7349
4441
1745
4144
9204
3817
2993
6640
2684
8255
3138
8337
709
8435
4924
8080
5657
3755
6554
208
3965
8574
2240
4862
1122
8384
6067
4153
1688
3727
6757
1335
3524
705
4990
9490
5878
6274
7872
3197
5161
6087
8043
3916
6354
1156
5985
1383
1581
4741
2015
9186
7967
6991
5033
6639
3677
4901
7382
3206
1674
5107
6201
2257
1807
1226
2215
4377
1986
7046
851
9615
882
6524
9553
2477
425
7103
3800
4457
9775
6014
6608
4491
9276
943
9161
9874
3953
7799
6861
6763
7217
8802
4170
5617
6226
3464
7730
1331
8026
7924
1808
6244
3157
7356
591
4582
2601
7402
6419
4382
9739
9098
6021
2035
2969
1654
357
6072
8596
2021
2439
756
9897
7959
6677
5739
4750
7471
4552
5157
6836
3292
9874
1589
9260
4935
3795
1443
6500
6084
3168
2243
9528
8223
3334
6005
105
9803
9854
2645
9842
190
8880
6022
3932
8591
1390
4926
2226
1702
8365
1764
89
9649
7890
8001
850
7718
6159
1892
5288
1141
2018
3433
2924
4294
9461
5685
2855
6922
8682
7658
228
1693
7765
6151
4942
4045
3809
2279
8753
8993
2349
1916
4832
190
3363
1570
9556
3307
5024
8570
3651
4554
9140
4548
5334
2871
9742
9389
1207
9796
6885
5924
5440
5496
3582
7373
2450
2899
3780
8360
3189
5179
1242
6824
7296
3736
2579
5988
6730
8252
6079
9275
8969
7603
956
3394
1871
5929
1017
9038
967
3762
441
6623
8229
1842
3900
4583
2439
2317
1024
4056
1618
6917
5218
7918
5257
7922
3450
7423
9342
5468
3676
8726
8356
8722
3933
3490
3862
8437
2656
1901
6640
6444
5656
5867
9170
5427
5843
7354
762
1507
3001
2529
587
8374
9698
7423
5278
8961
9400
4123
8818
1946
4665
272
4889
5161
6317
9083
4739
2258
6488
5172
3176
2484
6963
2209
9422
4842
7788
3399
8658
8031
2934
6231
7961
3382
8356
3478
990
3551
7044
8113
4185
1554
8319
9720
9131
149
5356
697
9061
6226
6103
7269
3788
1576
7399
6200
1283
1196
2583
8446
92
8981
4887
2891
1237
2142
3064
2215
2950
1969
508
6793
2777
2607
6666
9019
3839
518
2327
8421
19
3729
5482
5154
1466
5729
5241
4884
7927
728
508
5280
9669
6578
8355
7500
4888
6630
2563
5247
932
3462
9856
689
8248
7863
8038
6279
1122
1451
1558
887
6271
1865
52
8437
411
4804
6197
2030
2857
5565
7778
8406
1751
6538
1633
8110
9076
4572
4026
3669
1776
2852
5460
9326
6041
1064
2630
6062
2947
8033
9469
4046
155
335
8243
9530
9415
3600
6091
4882
4977
634
2457
6521
4261
8807
7449
5560
5867
7065
2143
1226
6390
5130
4747
1056
5124
7905
3780
9584
623
6023
3812
6993
4945
2756
8830
4443
778
7682
51
4459
96
6422
4224
3824
549
3887
5315
3674
8577
4563
2397
3355
7778
3551
279
3684
7872
5565
8557
9045
5834
5201
9533
4133
4648
2303
2526
5108
4835
5964
7537
3623
288
3529
281
8882
29
3409
1493
8725
9808
8521
5165
1904
4517
5730
7591
4760
7496
8640
2653
1652
9895
4561
4668
9061
5342
7222
9563
6296
4419
1407
2775
2059
5197
5906
9405
6454
9236
4690
4696
6974
4676
8545
4812
7606
4153
283
3324
1803
1451
8955
1478
700
3596
2897
5859
6358
3871
5116
7744
3607
442
8515
9802
5020
347
8058
4345
1024
878
4311
1570
946
1536
2584
7634
3057
5393
9664
3636
8557
5667
7045
8537
1589
4144
5803
9614
2723
6893
2470
5570
6789
2951
8443
1039
8981
57
5402
4557
7104
6085
2655
8394
2567
4360
2957
7554
1150
3791
28
9491
395
1304
4233
951
1284
389
5087
4427
3086
3654
7468
5867
7894
1474
8963
6984
1667
5908
5931
4245
3655
4011
389
9942
1569
1674
7680
9443
5892
5469
5636
3418
983
4072
1456
7171
1914
7678
5642
8400
2533
3146
9760
6920
9094
5660
6192
874
7846
7197
4457
1810
2747
6452
4033
2938
9698
6961
2290
4838
4625
224
8374
467
822
5303
8411
5385
7291
106
9007
6847
4963
4702
2065
6315
2677
9038
8484
3731
1964
6461
8233
3165
2731
4786
8824
7559
8473
774
4314
7440
172
1430
7849
9461
3747
3576
7975
5089
9311
8748
0
8853
5880
6952
2805
2232
6130
2241
6198
8252
7690
168
3611
4089
8609
3520
1189
2272
8657
573
7553
7442
6183
6074
7097
4324
8914
4437
9046
336
5767
6592
3184
1154
2643
6845
3884
6982
7719
8553
5804
30
6446
5136
5103
9203
7877
9377
3427
3902
4223
7314
7153
2314
7202
1314
6657
1391
6635
3808
8154
6092
6470
9694
7572
6239
9554
8004
2072
5181
8027
9049
8663
2334
4339
3349
8947
2045
8041
2142
2878
8007
5204
6844
4331
5059
6934
3669
3499
3655
7949
3195
1876
8180
5826
4413
2076
3219
3038
8894
2160
7305
300
3366
9185
2536
8715
429
20
5122
8600
8816
9546
8782
5091
3368
8312
9974
5593
6872
4020
8464
5156
8804
1471
1167
3014
361
7293
3232
5269
541
2919
4194
3968
5228
9070
7549
2648
5185
8487
1530
594
4098
8194
4337
9389
7794
5886
6792
7644
1573
1078
3765
7406
1002
1694
1438
5475
4902
2094
4668
3575
6608
9931
6182
4687
2147
1640
3895
42
2776
6426
1049
2847
3381
4627
2615
3706
5606
318
526
7743
1090
6344
6871
8853
4656
9714
4468
5246
1506
3515
4642
6359
377
8696
9722
5022
261
7042
5193
9309
2451
1147
4344
1427
9586
3189
8315
7874
7335
515
358
6489
3434
2922
8816
1120
737
1290
4063
1477
9305
5522
7715
2971
8776
9463
8748
6063
6180
2333
5996
7418
8941
8077
2858
419
8846
6716
3321
8107
7836
1155
5567
217
8915
4446
9660
7200
6039
3071
3878
4049
5808
3078
1423
6870
8616
3728
5041
4451
9157
6950
4061
6309
5754
5304
113
3883
3722
5334
2908
5704
2762
5018
5981
4349
6529
5342
4743
4610
803
9162
7667
6801
4761
9686
2222
738
2318
3417
2293
3409
9409
1190
2339
5474
933
8698
9721
1138
7178
1131
1534
937
5199
2824
6644
5520
1415
8426
6715
3590
3938
7922
7049
1724
2322
4236
7867
6875
7838
9537
9416
8308
2600
12
382
1671
3655
6902
4735
9557
979
1113
909
5046
5576
2065
7667
3862
4983
8053
1284
8929
2087
2378
4123
6567
5489
2507
6425
9182
4509
7086
505
9712
4195
3344
257
4390
1002
7100
1722
3424
4971
5062
6024
1490
8249
6605
698
3296
1175
2070
8262
7541
2924
1853
3746
5042
9549
7346
2605
6317
6749
4648
5197
2630
6628
2130
9143
8535
1812
6982
1277
7105
9367
7502
6881
6018
4500
270
3259
2753
9452
4352
8872
8235
1777
9549
107
2384
5727
5214
3044
1282
2875
8554
4129
197
9151
2768
2341
7867
5460
6527
9158
2833
5804
782
3390
1664
4176
3667
127
3077
8175
8046
6679
6375
4472
8288
4026
9481
1033
1145
3159
2326
3539
3947
2496
4133
422
262
9321
7624
2030
1261
2385
3303
8245
2862
8494
4858
9951
394
7966
2136
6157
2259
8143
7372
7512
2817
7248
774
1226
239
4812
1159
5699
4726
6767
7895
7012
9382
8115
4846
7101
9151
7599
2200
4982
2507
3050
279
7491
3102
2318
202
4644
7407
2549
9787
4313
1818
8598
2255
1789
5677
9700
5821
4059
7450
6614
7609
2583
1388
8717
4934
3333
2996
2820
3463
3729
1809
4285
2572
5501
5740
3247
3554
4297
2485
5309
3420
3335
3272
1934
2762
4942
1686
5656
876
7606
8129
2734
7256
6073
504
177
1747
1637
9642
945
3767
9969
6596
9059
1705
7401
5267
9861
4292
4086
546
8264
3872
7053
8263
5430
6265
6325
9908
1625
1835
4764
7426
3779
3337
8373
9983
5862
8172
6622
8612
5419
5302
3235
3591
2566
3247
7538
5102
1740
8815
6107
9162
5846
4744
3425
5687
6559
7436
4580
4515
8528
9832
2051
5514
3204
8446
5192
6477
2152
5506
8143
4794
2245
3165
4613
4572
7886
8663
6128
3018
7668
9926
3046
773
5868
4398
9088
7056
684
913
7279
3471
1018
5310
278
1656
4003
9044
8892
6938
9761
1508
4947
7464
8761
4204
5576
4216
7939
4550
9771
3209
3706
7984
2504
8981
2472
4397
7512
4801
9236
8011
3629
7032
8703
13
6877
5794
929
7270
5859
802
1856
1994
1989
5487
5168
4451
48
9982
2228
7741
1883
1249
8499
2702
9649
6595
8114
5785
4388
4350
7959
4382
4383
6841
4086
7844
8865
8920
9775
872
5561
21
3712
1918
7376
6062
5479
1545
5778
7998
2232
5624
2770
5422
4133
6512
7040
5116
7287
1347
3508
6274
610
9712
8926
2848
7144
3941
906
5104
3229
7115
9701
3264
8838
9066
5335
822
7453
7025
5812
634
5029
866
5519
8810
331
868
4713
1235
2660
9149
1910
3794
2828
1758
2694
6576
8793
5798
6068
3408
7771
9849
8494
4927
9749
7622
9526
2533
5599
417
4959
2892
7077
3381
599
3047
1483
6301
2922
6305
8162
704
789
3128
7591
1904
294
933
423
391
9508
6118
5471
8847
8697
1856
2646
1729
624
7356
2141
5962
1855
1069
8883
1511
7082
7732
5594
5768
4168
9464
1270
2426
1393
5285
4694
3739
7328
393
151
8998
8259
6638
1914
5443
7501
4296
4362
902
53
2271
4461
7027
7876
6713
320
1170
4582
884
2713
2974
2838
9417
8420
7879
4981
3786
406
627
8734
4496
5373
2798
5795
7659
1229
2874
4132
8517
6229
9858
2737
4498
8339
8389
1852
5773
107
7902
9739
9986
1557
5390
786
2664
3346
2338
5232
9192
16
2450
2274
3051
5074
5271
9793
5731
6301
2527
4574
6127
7393
4215
3430
4379
8403
3772
90
5798
6518
7081
1170
8283
5706
1990
8124
1988
2934
6097
4445
7498
1814
7367
3385
4074
1286
430
464
8307
4867
5719
2997
2332
4779
2907
1517
444
7847
4038
8468
1328
2953
9706
4335
3725
5277
7656
5637
514
5749
9925
3442
7488
6453
9471
2161
2142
7188
3644
6278
8658
9181
6939
8218
5374
5255
2074
469
9098
333
6266
2767
4253
6006
1923
8467
6098
7637
9857
163
334
3819
2415
