1 0
4 20
0 36
0 9
0 6
1 11
4 3
4 17
1 46
1 29
1 28
1 7
1 34
1 2
4 35
0 7
0 7
4 35
0 24
4 20
1 6
0 43
0 20
4 47
0 40
1 17
0 41
4 38
0 11
0 6
1 11
4 12
4 17
4 15
1 47
1 26
4 15
4 45
1 11
0 14
0 35
4 43
0 32
0 39
4 41
1 36
1 26
4 29
1 25
4 41
0 41
0 43
1 47
1 47
4 0
0 28
4 43
4 20
1 44
0 2
4 9
4 2
0 23
1 12
4 4
0 7
0 32
4 32
1 24
1 11
4 39
0 4
0 36
1 34
0 12
4 35
0 17
4 38
1 44
4 31
0 19
0 0
1 35
0 10
1 12
1 41
0 29
1 40
0 44
1 33
4 21
1 22
4 44
4 21
1 27
4 6
4 0
1 36
4 15
1 16
1 27
0 8
0 17
0 13
0 38
0 42
0 46
0 0
1 39
0 5
1 44
4 7
1 15
